Sample
-56
-51
-35
-25
-31
-44
-46
-38
-32
-34
-40
-42
-41
-45
-54
-58
-48
-26
-7
-3
-15
-34
-48
-54
-54
-52
-49
-44
-38
-34
-39
-49
-59
-64
-61
-54
-46
-41
-37
-36
-35
-32
-27
-25
-26
-28
-26
-20
-17
-20
-25
-26
-26
-31
-45
-59
-61
-48
-27
-16
-19
-30
-38
-44
-53
-63
-66
-58
-51
-53
-59
-57
-46
-38
-41
-45
-39
-25
-18
-20
-22
-20
-22
-33
-42
-36
-20
-16
-33
-53
-54
-38
-28
-38
-61
-76
-74
-62
-51
-44
-38
-31
-26
-29
-40
-54
-64
-64
-56
-53
-61
-70
-62
-36
-13
-18
-43
-59
-51
-37
-39
-58
-76
-80
-74
-66
-54
-37
-25
-29
-48
-67
-74
-74
-73
-74
-71
-66
-63
-61
-54
-41
-29
-32
-51
-73
-83
-76
-62
-57
-67
-82
-88
-80
-66
-59
-61
-61
-51
-40
-42
-56
-68
-68
-65
-72
-90
-109
-122
-125
-119
-106
-91
-82
-88
-105
-126
-141
-150
-152
-148
-143
-139
-140
-148
-159
-169
-173
-173
-179
-197
-222
-242
-251
-260
-282
-322
-378
-438
-490
-520
-528
-537
-568
-622
-681
-728
-770
-818
-876
-932
-982
-1,037
-1,105
-1,180
-1,248
-1,304
-1,359
-1,420
-1,482
-1,534
-1,570
-1,590
-1,600
-1,604
-1,593
-1,517
-1,311
-952
-516
-142
79
165
192
205
201
176
148
138
141
137
115
81
42
-1
-45
-87
-131
-190
-270
-357
-427
-472
-503
-531
-546
-513
-407
-237
-55
83
157
189
205
215
211
187
138
69
-6
-71
-118
-155
-186
-198
-168
-95
-1
87
157
212
249
260
249
223
186
138
89
54
37
28
22
37
86
153
206
230
241
250
251
229
187
145
119
111
115
129
156
189
218
239
258
278
289
275
241
210
201
210
223
229
231
232
239
254
273
282
270
244
220
211
217
232
246
255
262
275
293
301
283
247
217
206
212
221
229
241
257
270
275
272
265
252
234
216
206
208
218
233
245
253
260
268
273
259
225
189
177
192
217
233
240
248
261
264
245
209
180
177
197
218
226
230
236
239
225
193
161
145
149
165
185
207
227
239
234
209
175
147
141
160
187
204
203
193
183
171
154
137
133
143
154
159
162
171
183
184
166
138
122
129
148
161
163
157
142
116
88
79
97
122
134
135
137
140
132
109
89
86
97
109
114
115
116
112
94
65
42
42
59
76
80
73
61
46
33
33
52
78
96
102
96
75
47
30
37
59
77
80
73
56
30
4
-5
12
41
56
48
29
12
0
-7
-4
16
45
64
53
15
-30
-55
-53
-41
-38
-46
-50
-49
-55
-74
-91
-85
-58
-30
-25
-48
-87
-120
-125
-102
-74
-60
-61
-63
-62
-66
-74
-77
-65
-50
-50
-71
-96
-104
-91
-74
-64
-59
-53
-51
-62
-85
-100
-94
-70
-47
-39
-52
-78
-100
-99
-72
-39
-29
-48
-83
-113
-126
-117
-91
-59
-41
-43
-57
-67
-68
-65
-63
-58
-49
-47
-64
-93
-112
-105
-81
-63
-63
-72
-84
-100
-116
-118
-96
-65
-53
-69
-91
-96
-82
-63
-53
-53
-58
-67
-78
-87
-89
-88
-82
-72
-63
-64
-81
-99
-99
-79
-58
-56
-78
-112
-142
-155
-152
-137
-121
-113
-116
-123
-126
-120
-106
-93
-85
-85
-91
-99
-104
-96
-75
-52
-45
-62
-92
-115
-118
-101
-78
-62
-62
-76
-100
-123
-133
-120
-90
-63
-59
-84
-118
-135
-123
-95
-72
-66
-75
-83
-84
-81
-78
-72
-61
-50
-48
-60
-78
-89
-83
-63
-37
-20
-24
-48
-78
-93
-81
-51
-25
-19
-28
-39
-45
-48
-45
-31
-8
6
-6
-38
-61
-55
-28
0
18
27
23
6
-16
-23
-10
8
19
19
11
-8
-34
-49
-40
-19
-4
-4
-15
-32
-50
-57
-41
-5
29
42
22
-19
-57
-69
-53
-32
-21
-19
-23
-39
-67
-84
-71
-35
-3
9
-2
-24
-45
-48
-33
-12
-4
-11
-24
-39
-56
-67
-60
-34
-5
5
-15
-49
-72
-66
-37
-12
-8
-24
-44
-55
-60
-59
-53
-38
-21
-13
-24
-53
-86
-102
-87
-52
-22
-24
-53
-86
-96
-81
-62
-55
-56
-51
-46
-57
-86
-109
-104
-75
-51
-48
-60
-73
-79
-77
-63
-40
-18
-14
-29
-49
-61
-60
-55
-48
-37
-25
-22
-39
-69
-89
-78
-41
-7
-3
-23
-41
-43
-39
-41
-40
-27
-12
-13
-34
-54
-55
-39
-19
-8
-6
-11
-19
-27
-32
-32
-28
-19
-13
-20
-43
-68
-77
-59
-26
4
18
16
2
-17
-29
-27
-9
12
24
22
12
-2
-14
-17
-6
11
20
13
-2
-10
-9
-10
-15
-15
-5
9
13
1
-17
-25
-16
2
12
8
-5
-19
-27
-24
-8
9
16
18
21
22
9
-11
-13
14
46
51
32
16
17
25
29
31
40
52
53
38
21
19
39
62
68
57
48
53
60
57
44
31
21
16
17
23
25
21
17
25
45
60
56
34
7
-6
2
20
33
34
28
20
9
-1
-5
1
8
10
15
28
40
34
16
10
25
43
48
41
34
29
14
-10
-22
-8
20
38
34
16
-1
-8
-3
10
25
37
43
42
28
5
-8
0
26
56
74
69
43
9
-14
-10
14
39
56
66
67
55
30
11
14
39
65
78
77
68
51
23
-9
-25
-11
24
54
64
53
33
10
-11
-21
-14
6
26
38
42
38
28
12
-5
-17
-17
-9
1
8
20
35
40
21
-14
-38
-27
9
40
54
58
63
61
42
9
-15
-14
6
29
43
47
47
48
51
52
47
40
36
35
34
36
51
78
99
100
90
79
63
30
-7
-19
6
48
79
86
80
73
68
57
41
24
13
7
0
-6
-5
8
27
43
51
56
62
65
61
50
36
24
15
11
12
22
38
54
67
78
87
88
76
56
40
27
8
-18
-36
-27
1
21
19
4
-1
10
23
25
21
22
32
46
58
63
60
55
54
60
63
54
41
40
59
84
94
83
67
64
80
99
108
108
115
136
163
183
188
188
193
208
228
251
273
293
310
327
347
372
404
438
468
491
513
539
574
617
661
695
714
730
763
820
887
944
986
1,024
1,068
1,125
1,191
1,254
1,303
1,340
1,375
1,417
1,458
1,494
1,520
1,531
1,523
1,491
1,417
1,257
971
586
213
-34
-128
-136
-135
-145
-152
-143
-131
-126
-118
-94
-58
-24
-3
18
55
110
168
216
261
313
382
460
529
560
531
435
291
129
-21
-142
-218
-240
-219
-186
-170
-165
-143
-90
-26
23
59
98
140
160
130
54
-44
-131
-190
-219
-229
-233
-237
-238
-225
-189
-139
-90
-57
-43
-43
-58
-93
-140
-182
-208
-220
-231
-243
-244
-226
-198
-175
-162
-150
-137
-133
-146
-171
-193
-201
-200
-195
-189
-181
-169
-158
-158
-176
-202
-217
-211
-192
-179
-182
-195
-206
-205
-192
-178
-177
-190
-204
-211
-215
-227
-243
-246
-230
-205
-189
-189
-198
-206
-209
-209
-207
-205
-202
-197
-186
-175
-173
-181
-191
-193
-192
-198
-212
-223
-219
-204
-192
-192
-202
-212
-214
-205
-194
-192
-199
-205
-198
-184
-177
-184
-194
-198
-195
-189
-184
-180
-180
-185
-188
-189
-192
-203
-210
-201
-180
-168
-175
-187
-188
-176
-166
-167
-170
-160
-142
-128
-126
-131
-136
-139
-142
-149
-155
-154
-146
-135
-131
-135
-144
-154
-155
-142
-119
-103
-108
-129
-140
-127
-106
-99
-106
-111
-106
-99
-100
-107
-109
-102
-90
-80
-77
-79
-79
-76
-74
-80
-93
-99
-89
-72
-66
-73
-81
-80
-78
-79
-74
-61
-55
-71
-96
-103
-84
-58
-47
-54
-63
-63
-55
-47
-39
-28
-16
-16
-30
-45
-46
-38
-38
-54
-63
-49
-25
-18
-38
-61
-61
-38
-16
-13
-25
-31
-22
-10
-10
-20
-23
-14
-6
-9
-18
-16
-3
9
13
13
14
17
19
18
16
17
20
23
21
19
28
44
52
45
35
37
55
76
90
91
80
65
56
62
77
90
98
100
98
91
83
80
84
92
99
100
95
84
74
75
88
105
114
110
100
91
88
88
90
92
91
83
68
61
71
91
104
102
96
94
95
94
92
93
93
88
85
89
96
100
101
106
109
107
99
95
99
107
113
112
103
94
95
103
106
95
80
75
80
80
71
66
71
76
62
40
33
51
74
79
70
68
78
89
91
83
74
67
64
65
73
82
86
81
66
53
52
65
82
87
78
67
60
55
47
37
35
42
50
51
47
47
51
57
58
56
50
43
35
29
28
32
40
44
41
35
35
40
44
43
39
39
43
46
46
47
54
63
67
65
60
59
64
68
65
53
42
37
34
29
24
26
32
33
28
25
29
30
19
3
2
21
38
37
22
11
12
19
25
32
40
41
30
13
3
2
6
8
10
16
22
21
13
6
2
0
-2
2
12
15
0
-21
-26
-9
7
3
-12
-14
0
11
2
-15
-18
-5
9
10
6
8
17
26
31
37
42
40
30
18
11
6
-1
-9
-8
4
18
28
34
37
35
29
27
35
44
42
25
7
-1
3
10
14
19
24
26
23
20
21
26
31
32
27
20
16
19
29
36
30
13
0
3
17
25
28
36
50
52
37
27
36
49
41
16
-1
5
21
31
31
31
31
28
20
11
9
17
27
36
39
35
22
3
-12
-11
7
31
41
33
18
10
13
17
18
17
16
11
1
-9
-10
2
16
21
13
-1
-11
-11
-3
4
4
-4
-14
-22
-20
-6
11
15
2
-15
-19
-11
-3
-7
-14
-14
-11
-19
-34
-39
-25
-5
-1
-12
-24
-24
-16
-8
-5
-6
-7
-7
-13
-30
-48
-51
-34
-12
-2
-8
-23
-38
-44
-34
-14
-3
-16
-43
-57
-48
-31
-28
-39
-53
-58
-55
-50
-43
-39
-45
-61
-72
-66
-46
-34
-39
-52
-58
-58
-60
-63
-56
-44
-41
-54
-64
-60
-48
-42
-41
-38
-35
-38
-45
-48
-49
-56
-64
-64
-52
-37
-32
-38
-48
-54
-51
-42
-33
-25
-19
-15
-16
-21
-25
-25
-25
-28
-29
-24
-15
-15
-26
-34
-27
-18
-27
-54
-71
-61
-40
-35
-50
-62
-55
-38
-29
-33
-38
-39
-35
-33
-31
-28
-25
-23
-21
-15
-7
-3
-7
-14
-19
-18
-16
-18
-26
-36
-42
-38
-22
-2
7
-3
-22
-34
-28
-9
9
16
9
-9
-26
-31
-21
-13
-19
-32
-31
-19
-15
-33
-53
-54
-34
-11
1
-1
-16
-39
-58
-58
-40
-21
-15
-22
-30
-32
-31
-28
-22
-16
-14
-17
-18
-12
-3
5
5
-4
-19
-33
-34
-25
-16
-14
-16
-14
-9
-9
-15
-18
-12
0
6
2
-6
-4
8
17
14
4
2
13
20
12
-5
-18
-20
-16
-9
-3
0
-3
-9
-10
-8
-9
-16
-21
-18
-7
1
-2
-8
-4
12
23
13
-7
-14
-1
11
0
-21
-31
-21
-8
-4
-5
-1
4
1
-11
-24
-33
-36
-35
-30
-27
-30
-35
-26
2
30
34
13
-12
-23
-24
-26
-31
-29
-17
-10
-23
-50
-64
-49
-20
-5
-8
-13
-9
-9
-23
-42
-52
-56
-65
-78
-89
-97
-106
-116
-116
-108
-99
-98
-105
-115
-120
-119
-113
-114
-127
-144
-153
-148
-138
-133
-140
-159
-187
-215
-237
-257
-285
-326
-375
-417
-448
-475
-505
-538
-568
-594
-630
-683
-749
-813
-872
-927
-985
-1,043
-1,097
-1,150
-1,216
-1,297
-1,375
-1,431
-1,469
-1,510
-1,567
-1,621
-1,644
-1,636
-1,621
-1,592
-1,481
-1,210
-793
-351
-31
114
140
143
165
188
183
153
126
121
122
106
67
22
-18
-58
-113
-179
-245
-310
-381
-460
-534
-580
-587
-556
-490
-380
-222
-35
129
224
243
221
199
184
157
102
26
-50
-106
-140
-164
-185
-195
-167
-93
13
118
196
241
256
248
225
193
155
116
76
34
-5
-24
-3
55
125
178
210
231
246
256
256
241
204
155
118
108
114
124
138
167
204
230
235
224
205
186
171
162
159
164
176
192
207
222
239
255
260
250
237
225
211
190
178
189
217
234
228
214
216
233
240
223
193
169
161
166
179
194
208
220
231
241
241
225
203
189
193
209
229
247
260
263
257
243
223
200
176
155
146
155
177
196
200
194
193
193
182
155
135
140
164
184
189
183
173
163
156
153
149
142
138
149
170
188
192
187
182
175
162
154
171
209
239
234
208
193
200
202
175
138
132
165
204
214
198
182
179
176
162
145
143
158
181
200
206
192
160
128
117
135
162
179
185
189
191
178
147
114
102
121
156
184
189
174
156
141
129
114
101
103
124
147
150
124
82
55
56
77
99
112
115
107
83
52
34
40
62
81
90
97
98
80
46
22
32
64
85
79
65
57
48
28
8
11
38
68
84
81
61
35
18
21
37
51
54
42
16
-16
-37
-32
-8
16
23
11
-14
-37
-44
-28
0
23
30
20
0
-23
-36
-33
-12
13
27
23
2
-22
-32
-22
-2
16
21
9
-16
-43
-63
-68
-58
-40
-24
-22
-40
-71
-91
-84
-55
-25
-11
-14
-27
-42
-59
-69
-68
-60
-58
-67
-79
-86
-88
-86
-78
-61
-45
-44
-57
-70
-72
-67
-63
-59
-54
-58
-77
-101
-109
-97
-82
-82
-95
-106
-107
-101
-94
-82
-72
-73
-90
-114
-131
-131
-114
-91
-75
-73
-86
-109
-133
-144
-133
-103
-74
-67
-87
-112
-123
-117
-105
-96
-90
-87
-92
-107
-118
-113
-95
-80
-79
-92
-111
-124
-120
-98
-67
-47
-48
-64
-81
-85
-75
-60
-50
-47
-47
-48
-54
-65
-74
-76
-69
-61
-63
-83
-116
-142
-135
-93
-46
-27
-44
-77
-98
-99
-86
-69
-55
-48
-51
-65
-80
-86
-74
-52
-33
-28
-37
-54
-71
-77
-66
-42
-19
-11
-26
-55
-79
-80
-54
-14
13
13
-9
-39
-60
-67
-55
-27
1
9
-7
-31
-39
-25
-3
16
27
30
19
-6
-34
-47
-37
-11
15
23
2
-36
-62
-57
-27
1
10
-1
-22
-43
-56
-49
-19
20
39
22
-19
-53
-54
-28
2
19
21
9
-14
-46
-71
-77
-61
-34
-14
-19
-55
-100
-118
-97
-57
-27
-17
-23
-41
-67
-90
-90
-66
-33
-10
-7
-26
-54
-75
-74
-53
-25
-8
-10
-27
-48
-58
-47
-22
3
13
1
-29
-64
-88
-85
-58
-22
-1
-5
-29
-57
-74
-73
-56
-28
-7
-6
-28
-59
-78
-73
-50
-24
-6
-2
-11
-30
-50
-60
-53
-41
-36
-39
-43
-45
-49
-52
-44
-27
-14
-17
-29
-39
-49
-58
-58
-42
-20
-12
-25
-45
-56
-54
-44
-38
-41
-50
-58
-61
-64
-65
-60
-47
-34
-26
-23
-26
-37
-52
-52
-29
-2
3
-20
-52
-74
-81
-76
-63
-47
-30
-15
-12
-24
-44
-55
-48
-31
-19
-16
-21
-31
-43
-45
-32
-9
8
9
-4
-21
-28
-19
-4
2
-5
-16
-19
-12
2
20
33
33
24
18
20
18
8
2
14
32
36
23
8
0
-3
-4
2
19
38
47
38
23
17
27
46
58
62
62
58
42
18
3
7
19
25
23
24
33
40
40
39
44
54
56
43
21
9
15
32
42
42
45
52
53
42
32
33
43
52
63
75
76
54
22
9
26
52
60
47
26
8
-3
-3
10
28
39
36
28
25
22
13
2
1
14
34
50
50
32
5
-14
-16
-1
23
54
80
79
44
-2
-20
-1
32
51
50
40
30
14
-11
-32
-27
7
46
60
48
30
20
11
-5
-20
-22
-10
3
8
7
1
-8
-14
-11
1
14
26
36
43
46
43
33
20
8
3
6
13
20
26
32
29
13
-10
-22
-12
19
54
78
89
93
93
87
68
43
29
43
80
112
115
91
65
54
52
45
31
24
31
43
46
44
48
61
72
68
52
31
8
-8
-4
25
65
87
80
60
53
68
88
89
66
34
10
-1
-1
6
24
57
98
123
115
84
58
52
51
37
18
12
21
27
21
22
47
84
101
86
59
46
47
41
19
-4
-11
-5
-8
-27
-51
-62
-54
-32
-11
0
-1
-6
-7
-6
-3
1
11
23
25
14
5
9
24
41
58
72
73
60
43
39
50
62
70
80
92
98
93
88
100
130
162
177
173
169
180
208
241
269
292
313
333
357
388
426
462
490
514
551
605
663
705
732
760
801
849
895
938
982
1,026
1,066
1,106
1,153
1,211
1,270
1,321
1,360
1,394
1,432
1,473
1,505
1,516
1,502
1,453
1,329
1,084
719
318
3
-160
-195
-181
-173
-182
-189
-182
-161
-132
-99
-72
-54
-39
-16
22
72
125
177
231
295
370
448
513
551
550
493
372
205
35
-96
-176
-216
-231
-226
-203
-166
-124
-86
-51
-12
40
103
155
177
158
98
6
-97
-181
-230
-244
-238
-219
-198
-181
-166
-137
-91
-46
-21
-22
-40
-74
-120
-168
-206
-231
-246
-245
-225
-194
-168
-158
-156
-156
-156
-159
-165
-173
-183
-194
-207
-217
-219
-211
-197
-189
-190
-196
-200
-203
-206
-210
-214
-219
-223
-219
-205
-185
-166
-151
-146
-156
-178
-195
-198
-194
-198
-206
-205
-190
-174
-172
-187
-209
-225
-230
-224
-214
-212
-220
-229
-228
-216
-205
-206
-216
-231
-243
-247
-238
-222
-211
-213
-221
-229
-229
-220
-201
-184
-183
-198
-210
-205
-193
-189
-197
-206
-211
-211
-208
-201
-194
-192
-190
-188
-190
-202
-218
-219
-201
-179
-169
-173
-174
-162
-142
-134
-145
-160
-158
-135
-111
-105
-114
-127
-139
-154
-167
-164
-139
-111
-103
-117
-131
-128
-117
-112
-112
-104
-87
-74
-77
-89
-95
-90
-76
-66
-67
-80
-97
-104
-99
-91
-86
-82
-70
-53
-46
-52
-60
-59
-52
-50
-53
-51
-39
-29
-31
-41
-46
-41
-36
-37
-42
-46
-49
-50
-48
-41
-35
-31
-29
-23
-16
-13
-11
-3
10
20
18
8
-1
0
9
21
30
34
32
24
16
15
29
49
59
52
39
34
39
45
46
45
44
38
25
10
5
14
28
38
39
32
22
16
21
31
39
42
49
62
70
66
56
53
57
61
58
55
58
69
83
89
81
66
56
57
62
58
50
49
58
69
69
61
58
64
72
71
63
62
75
93
98
88
75
69
65
57
54
63
76
80
72
63
63
73
88
102
107
100
91
93
108
120
118
100
80
71
75
85
94
95
88
78
70
70
74
75
75
78
86
94
93
86
76
71
71
74
79
82
79
67
53
51
64
79
79
69
62
66
72
72
70
73
77
73
66
72
92
107
101
81
71
80
93
91
74
55
46
47
49
47
45
48
55
63
70
79
89
92
79
61
56
62
63
52
44
50
62
61
50
43
46
55
67
82
89
80
58
42
45
60
73
75
74
77
82
77
58
43
53
77
84
65
46
54
78
82
59
36
37
60
78
77
64
54
59
73
85
81
65
50
46
52
59
60
55
52
52
55
59
64
68
69
64
59
57
55
43
24
13
16
27
33
30
23
15
10
11
16
21
18
12
11
15
21
28
34
34
26
13
8
9
7
-5
-16
-12
0
4
-6
-16
-13
-4
-4
-17
-26
-21
-6
2
-4
-17
-29
-35
-33
-23
-11
-4
-8
-16
-15
-6
-1
-6
-13
-12
-8
-9
-12
-7
5
8
-5
-21
-24
-18
-19
-29
-35
-29
-17
-9
-5
-2
3
7
9
7
-1
-13
-22
-16
1
16
18
14
15
26
38
39
32
28
29
30
23
12
8
16
29
39
40
37
34
33
31
26
18
9
2
2
15
37
54
54
36
19
19
36
51
50
35
22
20
27
37
44
43
35
27
22
15
-1
-18
-18
0
17
18
14
18
26
24
17
17
26
29
19
6
2
7
13
11
4
-4
-4
5
21
29
21
0
-19
-24
-17
-14
-21
-28
-20
1
11
-2
-24
-30
-14
5
9
-2
-12
-12
-7
-10
-20
-27
-20
-2
11
2
-25
-49
-51
-31
-14
-19
-39
-51
-45
-33
-30
-34
-32
-23
-22
-32
-42
-43
-44
-51
-53
-37
-12
0
-7
-18
-21
-20
-23
-26
-24
-16
-5
7
15
9
-15
-38
-38
-15
2
-7
-32
-45
-37
-26
-28
-43
-54
-50
-38
-28
-26
-25
-18
-8
-6
-18
-37
-50
-54
-54
-54
-52
-47
-44
-45
-49
-46
-35
-24
-26
-41
-56
-57
-44
-32
-34
-46
-60
-69
-73
-71
-65
-60
-61
-67
-68
-59
-49
-48
-59
-67
-62
-48
-37
-38
-46
-53
-55
-51
-40
-31
-33
-52
-80
-99
-93
-68
-45
-46
-66
-81
-76
-60
-54
-65
-80
-83
-74
-65
-65
-69
-66
-53
-42
-46
-59
-63
-51
-35
-29
-32
-33
-27
-18
-16
-29
-51
-68
-68
-55
-44
-48
-59
-66
-69
-74
-77
-73
-61
-54
-55
-57
-50
-37
-34
-46
-63
-68
-55
-36
-23
-18
-15
-14
-14
-20
-29
-41
-51
-54
-44
-29
-21
-26
-37
-45
-50
-59
-68
-68
-54
-38
-34
-40
-42
-33
-23
-24
-35
-42
-40
-31
-25
-23
-20
-12
-4
-4
-16
-29
-32
-26
-22
-31
-46
-52
-42
-29
-25
-32
-40
-44
-48
-57
-70
-79
-77
-64
-43
-22
-7
1
5
8
5
-4
-17
-36
-56
-73
-76
-69
-64
-69
-75
-72
-61
-48
-37
-27
-20
-22
-33
-43
-48
-47
-47
-53
-63
-77
-87
-90
-89
-86
-82
-79
-78
-82
-91
-104
-116
-123
-118
-109
-105
-113
-127
-137
-144
-153
-171
-193
-216
-243
-276
-306
-327
-345
-375
-422
-470
-501
-516
-534
-565
-613
-667
-722
-770
-814
-863
-925
-994
-1,060
-1,118
-1,178
-1,247
-1,321
-1,385
-1,434
-1,479
-1,527
-1,573
-1,604
-1,619
-1,627
-1,622
-1,556
-1,361
-1,013
-575
-176
80
183
201
201
207
207
198
190
188
182
160
125
80
31
-18
-62
-108
-169
-253
-346
-423
-476
-515
-548
-558
-516
-409
-255
-89
57
162
221
236
224
201
172
132
73
3
-59
-102
-136
-171
-197
-181
-104
14
123
193
230
252
265
259
232
197
165
129
83
37
14
23
58
105
159
213
256
278
278
264
244
218
187
156
136
133
149
174
202
227
245
255
253
239
219
203
195
192
189
187
190
201
218
235
247
254
254
244
222
190
161
149
161
186
210
222
228
234
240
237
220
192
169
163
180
211
240
255
253
244
236
232
231
230
226
217
209
212
229
254
274
280
269
249
227
206
188
177
182
206
234
249
249
246
242
225
198
183
194
218
230
229
229
234
231
212
187
169
161
159
160
166
177
193
205
199
170
136
122
138
164
179
183
196
223
238
214
159
114
110
135
153
144
126
128
148
160
144
114
99
113
141
164
170
156
124
88
69
80
109
134
146
148
148
143
126
99
71
64
85
122
145
141
122
106
100
92
79
69
74
92
110
114
99
76
61
60
67
76
84
89
84
64
39
28
37
53
60
60
61
60
46
25
16
30
52
58
47
29
18
16
23
40
64
88
104
106
87
54
25
15
29
50
61
52
29
4
-9
-8
-2
3
6
8
5
-10
-32
-48
-43
-16
18
36
27
-4
-35
-46
-33
-12
2
3
-4
-17
-32
-38
-25
4
31
37
22
-4
-31
-46
-42
-24
-12
-22
-48
-74
-84
-77
-59
-39
-27
-28
-41
-63
-86
-92
-68
-25
2
-8
-42
-70
-76
-71
-67
-59
-44
-33
-41
-63
-80
-76
-56
-38
-31
-39
-59
-83
-95
-83
-53
-28
-30
-57
-90
-105
-96
-71
-50
-42
-49
-66
-87
-94
-77
-47
-24
-25
-42
-63
-79
-87
-84
-68
-54
-54
-70
-89
-98
-97
-88
-76
-68
-66
-71
-78
-84
-86
-79
-65
-54
-55
-67
-81
-88
-84
-70
-54
-51
-66
-89
-105
-105
-92
-74
-62
-62
-78
-101
-119
-122
-109
-92
-84
-89
-103
-115
-121
-120
-113
-99
-83
-78
-91
-110
-111
-88
-55
-37
-43
-61
-83
-104
-116
-110
-84
-58
-48
-55
-67
-81
-98
-110
-100
-66
-35
-37
-70
-108
-122
-105
-74
-49
-43
-58
-86
-109
-115
-102
-81
-65
-61
-67
-81
-96
-104
-97
-79
-61
-57
-68
-87
-102
-106
-98
-78
-52
-31
-33
-67
-115
-140
-117
-65
-33
-45
-82
-108
-108
-100
-95
-91
-76
-57
-52
-72
-102
-116
-98
-59
-27
-20
-38
-66
-87
-87
-62
-26
-4
-11
-43
-79
-102
-101
-72
-32
-9
-16
-42
-64
-76
-80
-78
-67
-47
-27
-19
-28
-51
-74
-75
-49
-15
1
-12
-42
-68
-75
-60
-36
-22
-28
-50
-71
-78
-67
-43
-24
-25
-39
-50
-51
-54
-61
-61
-43
-22
-17
-29
-43
-52
-53
-45
-28
-9
1
-2
-12
-24
-36
-41
-32
-12
9
15
-7
-52
-90
-92
-62
-32
-22
-23
-26
-35
-52
-57
-36
-8
-5
-29
-50
-53
-48
-45
-42
-33
-29
-42
-64
-74
-67
-58
-56
-53
-45
-42
-54
-70
-68
-45
-20
-10
-10
-11
-12
-20
-32
-37
-25
-1
16
14
-7
-30
-39
-32
-20
-16
-17
-15
-9
-9
-15
-18
-6
13
27
31
26
14
0
-4
9
31
44
41
23
0
-16
-16
-3
11
18
18
14
5
-4
-2
14
31
35
28
25
28
30
27
22
21
26
38
50
52
45
42
49
60
62
58
55
56
53
47
49
61
74
73
55
32
19
18
22
26
28
31
35
37
36
33
32
34
42
54
66
72
65
52
40
33
28
23
21
25
27
22
18
25
43
56
58
53
43
22
-7
-22
-5
31
57
58
41
17
-4
-15
-11
6
27
40
43
33
15
-1
-3
8
25
42
60
75
73
47
12
-4
13
49
79
95
95
78
43
5
-5
22
61
83
84
77
67
43
8
-13
1
36
66
76
71
51
21
-5
-6
18
44
53
47
44
50
57
53
38
23
14
17
30
46
59
69
78
81
69
41
13
10
36
73
100
109
102
82
52
25
16
30
52
72
87
97
96
81
60
47
44
37
21
12
26
57
84
92
87
79
69
48
20
-4
-13
-4
20
49
69
75
71
63
56
48
34
16
-2
-7
5
27
48
64
79
92
89
68
45
34
26
11
-7
-11
0
13
21
32
55
80
91
85
74
70
72
66
47
20
-2
-13
-18
-21
-24
-29
-33
-31
-16
11
37
48
42
30
22
24
32
43
51
51
41
29
28
40
55
60
56
52
56
66
74
74
71
75
94
118
129
124
120
133
160
181
187
187
193
209
229
249
272
300
330
356
376
398
431
471
512
554
600
650
689
719
756
809
864
901
921
953
1,007
1,067
1,113
1,153
1,209
1,279
1,337
1,365
1,383
1,423
1,488
1,545
1,564
1,540
1,492
1,419
1,279
1,021
654
275
5
-113
-135
-142
-157
-158
-136
-117
-120
-129
-121
-97
-77
-66
-45
-1
55
103
144
199
279
366
432
469
485
476
421
299
131
-35
-154
-217
-243
-246
-228
-192
-148
-104
-56
0
58
109
151
187
208
193
130
34
-64
-139
-186
-207
-207
-197
-182
-159
-118
-66
-27
-18
-26
-31
-37
-62
-112
-168
-209
-226
-228
-222
-211
-191
-165
-140
-126
-127
-139
-157
-179
-199
-211
-218
-224
-225
-212
-193
-191
-209
-227
-222
-205
-201
-215
-229
-231
-227
-225
-223
-213
-198
-183
-176
-178
-191
-212
-226
-222
-208
-201
-207
-215
-214
-209
-211
-222
-236
-247
-253
-248
-238
-230
-227
-223
-217
-217
-224
-228
-223
-224
-244
-268
-266
-232
-193
-176
-180
-189
-190
-189
-192
-193
-185
-174
-172
-182
-189
-180
-164
-162
-178
-195
-196
-184
-174
-172
-170
-164
-154
-148
-146
-142
-132
-116
-103
-98
-99
-96
-89
-87
-96
-103
-100
-90
-87
-94
-98
-89
-77
-78
-95
-110
-103
-78
-54
-51
-65
-79
-79
-68
-58
-54
-58
-63
-66
-68
-74
-84
-92
-89
-81
-80
-93
-106
-108
-100
-89
-82
-73
-60
-45
-33
-32
-43
-54
-49
-29
-12
-14
-29
-38
-32
-20
-9
-3
0
0
-4
-8
-14
-20
-21
-17
-13
-14
-18
-22
-23
-21
-15
-7
-1
5
11
15
13
7
4
7
6
-5
-17
-16
-6
-1
-9
-16
-9
7
15
6
-5
-3
9
15
1
-22
-34
-21
4
19
11
-10
-23
-19
-8
-1
2
10
20
20
7
-1
10
31
39
25
9
7
18
24
20
12
10
12
18
28
39
46
44
38
35
39
40
30
11
3
20
50
65
57
48
57
77
86
77
67
72
86
96
94
85
78
74
69
62
59
70
91
109
118
121
117
104
84
72
77
88
93
93
97
106
110
107
105
110
115
115
117
129
144
145
127
105
97
101
106
107
105
102
97
95
99
104
103
96
86
78
70
67
70
79
84
82
75
71
78
94
112
122
121
115
109
104
105
113
118
106
81
64
68
83
90
87
81
74
67
67
82
105
115
105
87
74
66
61
60
66
73
70
57
45
47
60
74
80
78
71
65
62
66
75
83
86
85
82
75
64
57
59
67
70
64
62
67
73
75
81
92
95
81
61
56
66
76
71
56
44
42
49
59
62
57
48
40
36
38
48
61
66
57
45
38
39
43
47
48
42
24
6
-3
-2
1
4
10
18
18
6
-6
-6
6
16
12
-1
-10
-6
5
9
0
-13
-17
-8
1
-1
-11
-17
-13
-8
-13
-26
-35
-28
-6
14
21
11
-3
-5
7
21
23
13
2
0
4
9
10
12
19
27
30
29
29
33
33
21
0
-14
-12
-3
3
5
5
4
-3
-12
-19
-22
-27
-33
-35
-34
-31
-30
-28
-24
-21
-20
-19
-13
-3
5
5
-8
-22
-27
-17
-5
-3
-14
-25
-23
-10
-1
-4
-7
2
19
33
35
30
24
17
6
-4
-2
11
26
30
16
-3
-12
-3
13
17
2
-18
-26
-21
-18
-22
-24
-19
-14
-16
-21
-19
-13
-9
-11
-15
-18
-20
-23
-28
-32
-28
-12
7
16
8
-3
-5
-3
-7
-19
-27
-29
-25
-22
-22
-28
-38
-47
-43
-28
-20
-29
-48
-60
-55
-45
-49
-70
-87
-79
-49
-22
-15
-23
-36
-48
-60
-64
-55
-40
-38
-55
-75
-76
-62
-55
-69
-92
-103
-97
-85
-80
-78
-71
-61
-58
-60
-59
-51
-49
-65
-86
-90
-71
-53
-55
-71
-76
-64
-50
-49
-55
-55
-46
-39
-35
-32
-29
-32
-42
-49
-46
-38
-37
-44
-48
-45
-41
-42
-46
-47
-47
-52
-64
-76
-77
-64
-47
-37
-40
-51
-56
-47
-31
-24
-33
-47
-49
-36
-21
-21
-31
-38
-34
-24
-19
-24
-34
-36
-22
-5
-1
-18
-42
-54
-45
-25
-8
-5
-15
-24
-21
-6
4
0
-9
-10
-2
5
3
-2
-7
-6
-2
4
8
7
4
8
19
26
21
3
-14
-23
-22
-21
-18
-11
3
15
17
8
-4
-13
-17
-22
-26
-25
-16
-5
-5
-19
-38
-43
-31
-16
-13
-23
-31
-30
-24
-23
-27
-29
-27
-25
-25
-23
-21
-22
-29
-32
-26
-18
-21
-35
-49
-50
-44
-41
-44
-45
-40
-31
-25
-20
-14
-14
-23
-34
-35
-28
-26
-35
-43
-42
-38
-44
-54
-60
-60
-62
-67
-67
-59
-49
-43
-44
-50
-59
-64
-59
-44
-28
-20
-21
-29
-37
-39
-36
-34
-36
-40
-42
-37
-29
-23
-27
-42
-57
-57
-43
-32
-36
-47
-47
-32
-16
-13
-26
-48
-63
-62
-50
-42
-49
-62
-67
-60
-52
-48
-45
-36
-27
-27
-33
-34
-26
-20
-26
-39
-53
-64
-77
-88
-82
-55
-23
-11
-18
-28
-31
-36
-49
-59
-56
-48
-50
-65
-83
-98
-108
-110
-106
-106
-116
-128
-132
-129
-128
-130
-129
-118
-108
-108
-118
-130
-135
-136
-141
-154
-175
-199
-222
-242
-265
-291
-322
-354
-392
-438
-484
-518
-537
-550
-573
-611
-662
-717
-774
-828
-884
-946
-1,015
-1,084
-1,148
-1,211
-1,277
-1,339
-1,387
-1,424
-1,468
-1,528
-1,588
-1,624
-1,628
-1,617
-1,592
-1,500
-1,266
-878
-433
-78
110
171
189
203
208
196
180
173
167
151
127
100
68
25
-31
-91
-147
-201
-259
-329
-405
-476
-528
-550
-527
-447
-313
-149
12
142
226
260
253
229
208
189
151
84
5
-56
-93
-126
-166
-195
-180
-110
-7
95
177
237
279
299
289
254
208
163
119
72
32
20
47
98
148
188
227
270
301
305
286
262
242
218
185
156
147
160
186
212
235
252
262
263
249
222
197
188
194
198
196
202
225
256
280
294
302
301
284
257
232
217
208
209
224
246
264
271
269
260
242
216
188
172
175
194
221
245
262
269
268
259
244
226
210
199
191
185
183
193
214
237
246
236
220
207
199
191
184
185
196
210
222
232
234
220
193
170
166
180
201
221
234

Search
29
11
-8
-13
-1
23
47
54
39
14
-3
-7
-3
5
16
24
30
36
47
56
54
43
34
33
38
43
45
46
42
35
35
45
55
50
38
38
54
64
50
28
22
38
54
56
49
43
45
52
59
63
59
45
27
16
22
43
64
68
54
34
21
17
13
12
16
26
30
22
9
4
9
18
26
35
42
39
21
0
-8
-2
8
13
16
18
22
25
26
26
27
31
37
38
33
29
33
42
40
19
-4
-7
10
25
22
8
0
1
0
-7
-10
-2
13
24
26
25
33
53
75
81
64
34
12
8
19
30
32
26
18
14
15
25
41
58
69
67
52
30
12
7
11
13
12
14
21
26
24
22
31
44
45
31
19
18
22
17
4
-3
-1
4
5
8
17
23
14
-4
-15
-11
-3
-2
-4
4
21
29
18
1
-2
11
20
14
6
12
29
40
35
24
18
21
29
42
56
59
48
30
20
20
22
19
12
7
10
23
40
51
52
48
47
45
38
28
23
25
30
32
33
38
47
53
46
29
15
20
42
63
65
48
28
18
17
21
29
41
44
29
6
-5
4
19
24
22
25
30
25
11
3
14
32
38
30
28
42
60
63
49
29
16
14
19
23
17
1
-16
-25
-23
-21
-28
-36
-36
-28
-20
-19
-25
-37
-59
-83
-95
-90
-82
-87
-102
-112
-113
-114
-121
-133
-146
-158
-169
-180
-189
-197
-198
-194
-192
-204
-231
-257
-265
-257
-252
-260
-273
-270
-239
-187
-129
-73
-27
7
27
33
29
24
21
15
2
-15
-19
-4
19
27
12
-11
-22
-21
-23
-37
-57
-73
-82
-83
-79
-72
-64
-52
-26
11
38
41
26
14
18
25
23
9
-5
-12
-14
-15
-16
-16
-14
-5
8
22
37
58
84
102
95
73
58
63
72
64
42
27
29
41
53
59
65
75
90
101
101
95
98
114
125
114
87
68
71
92
113
123
121
114
109
110
116
118
116
113
113
116
119
121
121
119
119
118
114
108
104
100
95
93
100
115
126
129
132
143
155
154
136
119
114
120
122
117
115
121
128
126
114
102
100
102
101
98
99
110
122
127
122
109
94
88
94
103
102
93
93
111
129
127
108
91
89
94
94
88
83
81
81
82
85
84
74
63
63
74
86
88
89
92
91
80
64
60
64
63
49
37
47
75
97
92
68
49
53
69
73
56
35
31
44
58
58
49
43
48
57
62
57
49
47
55
64
66
60
53
50
48
37
24
26
47
65
56
21
-3
8
44
69
67
50
41
41
42
43
44
45
42
38
41
52
61
63
60
59
59
60
60
59
54
42
25
16
22
40
56
59
52
46
47
53
58
59
60
61
56
41
28
29
38
42
37
32
34
33
19
3
2
19
36
39
33
30
33
37
39
41
42
41
42
45
47
42
37
43
56
55
41
34
49
68
71
62
57
57
51
39
34
38
40
34
31
32
29
14
0
0
10
15
13
17
35
54
54
37
22
22
31
37
40
43
37
13
-18
-32
-19
5
16
8
-4
-10
-9
0
16
31
30
11
-8
-9
3
7
-1
-8
5
29
39
25
3
-3
15
39
49
44
35
31
29
22
10
3
6
18
30
36
32
27
33
54
72
67
44
29
39
59
63
49
34
33
39
42
37
29
26
28
35
44
52
56
54
46
31
15
7
11
21
30
39
47
53
49
37
25
19
17
17
20
28
35
33
19
5
1
10
21
25
18
10
8
6
-2
-9
-1
23
43
45
34
26
26
30
33
32
24
13
10
20
35
44
46
40
27
15
18
36
48
40
23
17
23
31
35
36
31
20
9
12
25
36
36
29
24
25
31
36
33
26
29
46
59
51
24
-1
-9
-1
17
37
52
54
43
34
40
51
52
40
28
30
38
42
38
34
32
34
40
46
44
28
9
10
33
58
58
33
9
7
24
44
59
65
58
38
15
3
6
17
28
36
43
44
37
24
15
18
30
40
37
27
22
27
33
34
33
36
43
48
48
45
40
34
34
41
48
46
33
22
21
24
22
17
17
24
27
21
16
21
30
32
28
29
37
42
41
43
59
74
67
41
24
35
58
62
42
19
8
5
0
-5
0
15
27
31
35
44
53
51
39
30
32
34
25
9
1
9
21
23
16
9
11
15
16
14
10
3
-9
-22
-28
-26
-24
-23
-22
-19
-19
-26
-28
-16
8
27
31
22
11
0
-14
-26
-22
-2
21
30
23
9
-2
-7
-5
5
17
21
14
9
15
26
28
16
1
-8
-10
-8
-2
7
12
8
-2
-11
-18
-21
-16
-4
7
11
9
4
-2
-11
-15
-8
4
6
-5
-17
-15
-1
12
19
23
30
35
37
35
36
37
34
31
33
38
35
19
-1
-9
-1
11
14
5
-6
-7
0
11
18
19
15
8
3
0
0
0
0
0
-1
-4
-7
-5
2
10
14
8
-3
-12
-12
-7
-9
-21
-31
-24
-5
0
-22
-56
-74
-68
-52
-40
-37
-38
-43
-54
-69
-83
-90
-90
-85
-80
-83
-95
-111
-117
-103
-74
-51
-50
-65
-78
-77
-65
-53
-47
-50
-61
-73
-75
-64
-53
-51
-55
-57
-56
-61
-72
-79
-75
-65
-58
-60
-66
-70
-68
-65
-64
-62
-54
-47
-52
-69
-83
-81
-66
-53
-50
-55
-65
-75
-76
-65
-48
-38
-43
-53
-55
-48
-41
-42
-49
-50
-38
-24
-23
-39
-56
-58
-43
-29
-29
-37
-39
-32
-26
-27
-31
-30
-23
-16
-13
-18
-30
-45
-53
-46
-26
-5
5
5
0
-5
-11
-17
-21
-18
-9
-4
-9
-17
-14
3
22
27
19
9
5
8
14
16
13
7
1
-10
-29
-39
-25
7
24
9
-14
-16
5
19
10
-11
-20
-14
-5
-9
-28
-49
-57
-50
-41
-44
-56
-65
-62
-51
-40
-36
-41
-48
-52
-51
-49
-52
-57
-60
-60
-62
-69
-76
-74
-65
-54
-50
-55
-64
-71
-66
-50
-32
-25
-34
-47
-48
-37
-25
-22
-32
-45
-51
-43
-22
1
15
13
3
-7
-10
-4
7
18
24
21
15
13
19
32
41
44
42
42
47
55
68
85
99
98
87
80
91
115
138
155
169
181
187
184
181
188
202
212
211
210
219
234
242
234
220
208
188
146
84
28
-1
-9
-11
-15
-17
-14
-12
-15
-18
-17
-11
-6
-1
8
22
34
39
40
39
41
49
67
92
109
103
74
41
20
6
-13
-37
-51
-48
-44
-50
-58
-48
-22
0
3
-5
-4
9
20
19
9
-4
-21
-42
-61
-70
-70
-69
-69
-68
-64
-56
-49
-46
-52
-69
-84
-83
-64
-47
-51
-71
-84
-82
-74
-70
-66
-60
-61
-76
-96
-101
-88
-77
-82
-99
-108
-101
-91
-90
-103
-115
-116
-106
-96
-96
-106
-121
-132
-136
-131
-123
-119
-122
-122
-114
-103
-98
-102
-109
-116
-125
-136
-146
-151
-152
-153
-150
-139
-125
-118
-122
-128
-123
-113
-113
-128
-142
-140
-127
-122
-130
-134
-124
-106
-98
-106
-116
-111
-96
-82
-80
-85
-92
-97
-98
-92
-81
-74
-77
-87
-93
-91
-85
-83
-86
-90
-92
-93
-91
-86
-85
-94
-109
-114
-104
-90
-84
-87
-93
-100
-102
-92
-67
-44
-39
-47
-50
-42
-37
-44
-59
-69
-72
-76
-87
-95
-83
-53
-30
-37
-65
-82
-72
-54
-52
-68
-77
-68
-54
-48
-49
-47
-41
-42
-53
-67
-72
-69
-64
-62
-63
-60
-53
-42
-37
-41
-48
-48
-39
-31
-34
-47
-61
-72
-78
-77
-66
-51
-45
-52
-64
-69
-63
-52
-44
-44
-44
-40
-35
-42
-62
-80
-76
-53
-34
-34
-45
-50
-46
-44
-46
-40
-22
-12
-23
-40
-41
-23
-7
-9
-23
-35
-42
-44
-41
-28
-7
9
4
-25
-57
-71
-60
-37
-21
-16
-22
-34
-46
-50
-43
-29
-18
-11
-10
-17
-31
-46
-53
-50
-43
-38
-33
-24
-15
-14
-22
-33
-43
-51
-58
-59
-50
-34
-23
-22
-25
-24
-22
-29
-41
-47
-42
-36
-43
-62
-80
-87
-84
-75
-64
-57
-59
-63
-62
-59
-64
-80
-88
-70
-38
-20
-30
-48
-49
-37
-38
-62
-92
-101
-85
-60
-42
-38
-39
-38
-34
-30
-30
-33
-37
-39
-37
-30
-22
-17
-21
-34
-47
-51
-44
-31
-23
-24
-30
-33
-34
-37
-41
-42
-40
-42
-50
-55
-49
-34
-25
-29
-45
-60
-65
-60
-51
-47
-46
-43
-39
-40
-46
-50
-48
-47
-48
-50
-48
-51
-63
-78
-82
-71
-57
-49
-51
-59
-70
-76
-71
-58
-51
-54
-56
-47
-33
-31
-42
-49
-40
-28
-30
-40
-43
-34
-26
-28
-33
-35
-37
-47
-62
-69
-60
-42
-30
-33
-44
-50
-44
-33
-29
-33
-39
-39
-35
-32
-32
-32
-30
-29
-32
-36
-37
-33
-27
-21
-16
-14
-23
-42
-60
-62
-47
-32
-26
-28
-29
-28
-29
-28
-18
-1
11
5
-17
-39
-42
-29
-22
-38
-61
-57
-22
8
-2
-39
-62
-52
-29
-22
-35
-50
-54
-50
-51
-59
-64
-59
-46
-38
-39
-42
-41
-37
-33
-26
-18
-17
-24
-30
-29
-29
-41
-58
-57
-32
-4
-1
-23
-44
-44
-30
-19
-16
-14
-10
-10
-21
-33
-35
-26
-18
-21
-31
-33
-22
-3
10
13
8
2
-2
-7
-13
-14
-8
-3
-7
-14
-12
1
7
-8
-35
-49
-38
-20
-14
-22
-27
-23
-19
-20
-22
-16
-7
-4
-8
-13
-16
-15
-10
-3
3
0
-9
-16
-15
-8
1
5
2
-6
-13
-16
-11
-2
8
14
10
-6
-26
-36
-30
-19
-16
-22
-27
-23
-18
-19
-24
-22
-15
-10
-11
-17
-22
-27
-26
-16
2
11
0
-22
-33
-24
-6
5
7
5
2
-6
-19
-29
-28
-20
-10
-5
-3
-1
4
11
14
14
14
17
17
10
-3
-13
-11
1
14
18
9
-2
-3
6
12
12
15
25
33
32
28
31
40
41
33
24
20
18
12
4
6
20
36
44
39
31
32
43
54
52
40
31
32
37
34
23
19
32
51
58
49
35
31
35
38
36
34
33
31
26
23
29
43
56
60
52
36
22
17
26
37
38
28
16
11
18
29
37
36
33
34
40
42
39
36
38
39
37
36
40
46
46
41
35
31
30
32
40
51
53
45
39
41
43
33
20
21
35
42
32
21
26
39
40
31
30
44
58
59
52
48
46
40
33
34
37
31
12
-2
7
32
53
54
38
19
7
7
13
18
18
18
23
30
29
20
13
14
17
15
10
12
19
20
9
-7
-15
-10
0
9
13
13
8
5
9
20
34
45
47
35
19
9
11
20
23
17
8
0
-1
0
-1
-4
-1
12
30
36
27
19
31
57
78
82
78
78
84
81
64
40
28
34
46
48
39
32
37
45
44
39
47
71
93
91
72
64
76
89
83
62
49
55
70
80
77
69
65
71
78
74
61
52
59
75
84
78
69
70
79
85
80
68
57
51
50
52
58
67
76
81
84
86
86
84
83
85
81
66
43
30
38
54
57
50
47
54
55
40
27
37
62
71
53
28
22
32
37
31
22
19
19
19
21
25
30
33
31
26
19
14
13
18
25
29
24
9
-5
-7
-1
-3
-22
-43
-46
-29
-9
-3
-15
-37
-56
-62
-55
-47
-49
-60
-72
-83
-92
-100
-104
-105
-110
-126
-147
-162
-168
-175
-193
-217
-235
-243
-250
-264
-281
-288
-281
-269
-264
-260
-242
-197
-133
-69
-23
2
12
17
20
18
10
0
-2
7
19
23
17
8
4
0
-11
-28
-44
-54
-64
-76
-89
-91
-80
-60
-43
-32
-25
-14
1
17
29
39
44
37
17
-6
-23
-34
-43
-51
-50
-41
-29
-23
-18
-5
20
48
63
58
40
27
25
31
33
26
14
6
3
4
6
8
11
18
31
46
54
52
46
48
59
70
69
59
49
50
64
86
101
97
82
76
88
101
103
97
94
96
96
95
93
90
85
81
85
93
101
107
108
101
88
83
92
101
95
79
71
76
88
98
106
114
120
118
112
109
116
127
129
116
97
91
104
127
141
139
125
111
105
106
109
106
100
98
105
113
112
102
96
100
111
116
104
81
63
63
80
102
112
101
74
45
31
41
64
77
68
49
43
57
76
85
83
85
95
104
103
97
91
89
86
84
84
87
87
82
77
75
78
79
75
65
55
53
64
84
99
102
93
86
85
85
81
76
70
62
45
26
16
23
44
68
84
84
71
60
63
76
79
62
38
30
44
64
69
58
45
45
60
80
93
90
73
56
52
60
71
75
74
71
65
55
49
56
70
74
63
52
55
70
83
87
87
81
72
61
54
55
58
59
60
63
72
79
70
41
13
12
40
65
64
44
32
33
34
23
6
-3
3
22
37
35
15
-3
-1
19
42
53
49
37
29
30
34
31
21
15
21
28
27
20
22
38
55
53
34
14
5
5
6
7
9
8
2
-2
6
24
37
33
22
21
30
33
24
12
4
-3
-12
-13
6
33
46
40
31
31
29
16
4
11
33
47
38
19
12
20
28
29
30
34
36
32
29
35
42
40
33
35
52
76
90
86
72
58
56
71
90
91
64
23
3
15
45
67
71
66
59
46
32
26
32
39
33
23
22
31
36
27
16
17
29
37
31
15
2
-1
9
26
36
25
1
-16
-11
7
22
27
29
33
36
39
41
44
47
48
46
42
37
31
27
25
27
33
40
44
42
39
42
53
67
74
65
42
21
19
35
47
42
27
23
33
46
49
41
31
29
37
52
64
65
53
40
34
36
37
35
32
33
35
35
33
32
29
26
28
40
59
70
66
53
44
47
57
65
66
56
42
38
49
62
53
22
1
15
55
83
76
49
30
31
38
34
22
16
26
44
52
45
31
25
27
28
26
23
24
28
32
31
23
11
3
7
23
39
44
36
28
27
33
37
37
40
45
45
34
20
14
21
28
25
18
20
33
44
43
35
34
42
45
36
24
24
37
48
45
36
36
48
58
57
46
37
33
29
26
29
38
46
43
31
21
17
15
13
13
15
14
8
7
14
22
18
6
3
16
31
35
30
27
27
21
13
16
29
36
30
21
23
28
26
24
32
43
38
16
0
8
25
26
5
-10
-1
23
34
24
11
17
36
43
28
5
-7
-4
8
23
39
53
59
56
43
21
4
6
28
46
40
13
-7
-3
14
21
14
5
2
0
-6
-11
-3
22
45
49
32
10
-4
-7
0
11
21
23
14
1
-9
-12
-8
7
26
34
20
-5
-17
-5
20
32
24
5
-7
-8
1
15
28
35
33
27
26
25
17
3
-2
11
32
36
14
-15
-31
-29
-19
-9
0
8
15
19
18
14
12
16
20
14
-2
-16
-16
-7
0
6
16
27
26
6
-19
-34
-35
-30
-27
-27
-27
-27
-33
-45
-56
-58
-49
-40
-36
-36
-37
-37
-31
-14
4
8
-7
-25
-34
-38
-46
-48
-34
-9
1
-11
-25
-22
-7
-2
-9
-13
-8
-10
-28
-46
-43
-22
-10
-24
-47
-55
-45
-29
-20
-18
-18
-15
-12
-13
-21
-29
-22
6
36
43
16
-22
-42
-38
-26
-19
-16
-16
-27
-51
-73
-70
-38
-2
15
12
3
-4
-14
-32
-51
-57
-51
-42
-42
-49
-52
-48
-44
-48
-55
-52
-38
-24
-18
-18
-16
-14
-23
-43
-60
-63
-55
-46
-43
-41
-33
-26
-31
-49
-65
-65
-52
-46
-56
-69
-68
-52
-39
-44
-62
-81
-89
-86
-80
-80
-89
-96
-94
-81
-63
-52
-57
-77
-97
-103
-97
-93
-99
-106
-103
-92
-84
-81
-76
-65
-57
-62
-80
-97
-102
-92
-83
-85
-96
-99
-85
-64
-53
-57
-70
-78
-76
-72
-76
-91
-108
-112
-98
-79
-69
-72
-76
-76
-76
-80
-84
-81
-73
-67
-66
-67
-66
-61
-52
-42
-37
-41
-50
-54
-50
-45
-41
-32
-18
-9
-16
-33
-49
-59
-63
-63
-57
-53
-53
-50
-38
-24
-19
-26
-29
-18
2
16
15
4
-7
-7
4
21
33
33
28
34
56
78
83
73
67
75
87
88
78
76
87
104
112
114
117
127
139
153
169
183
187
177
160
151
152
154
139
101
41
-25
-75
-92
-78
-52
-37
-38
-42
-37
-27
-22
-23
-22
-18
-19
-24
-21
-3
20
35
46
62
78
81
69
55
50
46
32
6
-19
-32
-36
-39
-44
-49
-51
-49
-40
-25
-13
-11
-16
-17
-6
9
15
7
-9
-24
-32
-36
-41
-54
-72
-79
-62
-34
-18
-26
-42
-45
-39
-40
-50
-57
-52
-49
-62
-80
-84
-70
-56
-52
-51
-44
-37
-45
-63
-77
-79
-75
-70
-65
-61
-65
-77
-85
-76
-56
-44
-47
-55
-59
-63
-73
-81
-77
-68
-68
-77
-81
-72
-56
-49
-60
-83
-101
-101
-86
-74
-80
-95
-101
-93
-86
-94
-113
-122
-111
-93
-91
-109
-132
-139
-131
-120
-117
-117
-111
-101
-96
-100
-108
-107
-97
-88
-91
-108
-124
-125
-108
-89
-80
-82
-85
-80
-66
-50
-46
-59
-81
-94
-88
-72
-66
-75
-90
-97
-90
-78
-75
-82
-92
-95
-92
-91
-98
-103
-100
-91
-83
-80
-78
-79
-85
-93
-92
-82
-69
-66
-72
-80
-78
-72
-72
-87
-106
-117
-116
-113
-111
-104
-94
-90
-96
-97
-83
-64
-62
-80
-96
-97
-88
-82
-81
-79
-74
-73
-79
-85
-83
-71
-61
-61
-73
-90
-99
-94
-75
-56
-49
-55
-65
-66
-60
-56
-61
-73
-84
-86
-79
-70
-65
-67
-71
-67
-49
-26
-17
-33
-56
-59
-42
-31
-38
-46
-37
-19
-11
-15
-22
-26
-34
-42
-42
-33
-23
-20
-22
-23
-20
-10
2
9
6
-3
-6
-2
0
-7
-18
-22
-15
-7
-5
-8
-11
-10
-6
2
9
7
-3
-9
-3
5
1
-17
-31
-26
-4
15
16
-3
-22
-21
0
21
23
11
7
16
25
17
-3
-12
2
22
24
2
-19
-16
8
21
3
-30
-47
-33
-9
-2
-16
-30
-30
-21
-18
-21
-20
-12
-5
-12
-31
-47
-50
-41
-30
-26
-29
-30
-29
-29
-32
-32
-25
-16
-11
-11
-9
-7
-9
-20
-31
-30
-15
4
11
1
-17
-30
-28
-18
-8
-5
-11
-20
-28
-32
-34
-35
-34
-29
-22
-17
-14
-13
-13
-17
-26
-31
-27
-20
-21
-31
-40
-37
-25
-15
-20
-36
-42
-27
-5
-4
-28
-48
-41
-19
-7
-15
-24
-22
-12
-6
-8
-12
-10
0
10
15
14
15
24
33
34
23
6
-13
-26
-28
-18
-6
-3
-10
-20
-29
-40
-49
-46
-31
-15
-15
-27
-33
-26
-16
-15
-24
-30
-29
-26
-24
-21
-17
-16
-19
-27
-35
-40
-39
-31
-19
-12
-19
-33
-44
-45
-41
-42
-44
-42
-34
-23
-11
1
10
10
4
-6
-19
-32
-41
-40
-28
-12
-3
-7
-16
-20
-12
-4
-9
-25
-35
-33
-27
-27
-26
-19
-15
-30
-58
-76
-67
-38
-13
-6
-11
-17
-17
-11
-4
1
0
-3
-1
6
12
5
-12
-26
-26
-17
-13
-19
-27
-23
-3
25
49
53
34
7
-9
-7
3
11
17
21
16
4
-3
2
6
-4
-22
-30
-27
-23
-24
-22
-16
-11
-8
-5
-1
-1
-5
-5
0
2
-7
-23
-35
-41
-45
-48
-49
-44
-38
-34
-27
-18
-12
-21
-44
-64
-68
-51
-26
-10
-12
-28
-42
-44
-35
-25
-22
-25
-29
-33
-37
-40
-39
-31
-19
-19
-37
-57
-56
-34
-17
-25
-47
-57
-47
-33
-30
-36
-37
-28
-19
-27
-52
-74
-66
-29
4
9
-6
-17
-12
-1
8
12
8
-3
-13
-13
-3
7
5
-10
-27
-29
-15
0
-1
-15
-22
-15
-6
-6
-7
-2
3
-2
-12
-15
-11
-12
-17
-23
-25
-26
-26
-30
-37
-41
-30
-7
6
-4
-24
-31
-20
-11
-18
-37
-49
-42
-22
-4
6
12
19
26
20
-1
-21
-23
-3
17
19
5
-8
-13
-13
-20
-30
-29
-15
0
0
-10
-17
-16
-15
-20
-25
-16
4
18
15
5
4
14
24
22
14
10
13
12
3
-4
3
17
21
11
4
12
25
23
11
6
14
25
25
14
3
-1
2
11
18
17
4
-12
-15
-1
20
33
34
33
40
51
59
62
62
56
40
21
17
34
56
61
49
35
31
32
28
22
28
49
71
74
56
30
13
14
27
37
36
32
36
48
52
43
33
32
37
39
35
30
23
12
2
0
7
16
23
24
20
17
25
38
41
26
7
5
15
17
4
-14
-22
-16
-1
17
31
35
25
9
0
7
20
24
15
5
7
15
19
21
31
48
55
38
13
7
22
34
27
10
3
11
22
20
11
10
20
27
17
1
0
19
38
39
30
29
37
45
47
44
37
30
27
29
29
20
6
-5
-10
-7
7
28
46
47
31
12
2
6
18
26
21
11
10
23
31
25
11
8
16
25
27
29
34
37
38
40
46
55
61
63
59
51
38
27
21
18
15
10
11
28
56
75
71
55
50
61
72
67
54
47
47
46
40
39
43
47
45
41
39
39
39
38
40
44
50
54
58
62
64
66
69
70
66
53
37
27
26
31
33
29
21
9
-4
-14
-18
-19
-23
-30
-34
-29
-25
-32
-53
-73
-79
-74
-71
-79
-92
-105
-122
-146
-171
-183
-181
-179
-189
-204
-212
-213
-220
-232
-231
-209
-180
-152
-121
-76
-25
10
27
37
50
62
65
60
55
51
43
31
21
14
10
7
2
-6
-21
-39
-52
-54
-50
-48
-54
-63
-67
-57
-32
2
32
47
45
42
50
69
84
81
66
56
60
67
65
50
36
34
40
41
33
30
50
82
100
92
75
71
81
89
87
77
61
45
36
38
47
59
71
86
99
104
100
95
91
87
85
88
96
102
102
96
93
98
110
123
128
120
105
91
85
83
84
92
109
123
117
96
85
93
101
89
67
62
82
104
111
112
118
129
132
126
118
114
107
99
100
115
131
131
119
112
120
131
131
117
101
93
95
104
116
125
125
112
91
79
87
101
100
83
68
72
83
85
77
78
94
112
117
107
94
88
85
82
77
71
62
49
35
29
35
44
38
17
1
10
37
55
42
12
-1
21
59
84
84
73
70
76
80
75
66
61
63
67
69
70
68
62
51
45
50
63
67
55
34
25
37
54
59
50
40
38
40
37
34
37
43
43
31
17
17
32
51
59
54
49
54
64
63
44
18
4
7
11
5
1
14
41
59
55
41
38
49
60
60
54
52
59
68
70
63
52
46
46
45
34
17
4
3
12
22
28
32
35
37
38
38
37
33
26
18
13
14
19
26
28
22
8
-6
-9
2
14
16
9
8
18
26
23
12
8
16
27
35
41
43
40
36
38
49
62
66
55
37
24
21
24
31
39
47
54
59
63
65
60
48
39
42
54
58
47
25
7
1
4
8
10
10
13
22
33
39
38
31
18
3
1
19
46
53
33
10
8
22
30
29
32
43
45
27
6
5
26
47
55
51
47
44
39
37
43
58
68
67
61
64
74
79
73
63
63
71
75
66
56
59
71
70
55
43
50
67
72
60
43
36
43
54
59
56
53
55
56
47
28
17
24
40
45
36
28
28
34
37
39
41
40
34
23
16
17
25
28
20
10
10
23
36
39
33
32
39
45
44
39
39
47
57
65
68
67
58
46
39
39
44
43
35
25
16
10
9
17
34
50
53
44
36
38
45
46
41
41
50
57
46
26
14
14
11
-5
-21
-22
-8
4
6
2
-1
-1
-2
-3
-2
-1
3
8
11
9
4
1
0
-3
-9
-14
-17
-13
-3
7
9
1
-9
-12
-10
-13
-21
-24
-16
-5
-4
-12
-15
-11
-12
-25
-35
-23
3
19
12
2
10
29
33
14
-4
1
23
38
36
29
29
36
38
31
20
15
20
28
28
21
19
30
44
50
46
43
47
52
54
53
53
53
52
52
54
58
59
56
50
46
42
40
41
43
39
28
20
22
32
43
49
47
40
32
34
51
71
76
60
37
21
16
20
25
30
35
40
44
44
43
41
35
27
24
30
38
37
30
32
49
62
54
30
11
7
13
15
10
1
-12
-24
-26
-12
12
32
36
28
18
14
14
16
14
9
5
4
1
-11
-24
-20
2
25
30
23
18
20
21
20
29
48
62
56
33
15
15
25
26
15
3
-2
-8
-24
-38
-31
-6
11
1
-22
-30
-14
8
22
27
26
18
4
-7
-1
18
36
41
38
32
25
17
10
5
0
-2
0
3
-5
-22
-39
-43
-34
-19
-3
6
4
-1
5
22
32
29
23
21
12
-8
-22
-11
14
24
13
-1
-3
6
21
40
56
57
39
18
10
19
31
29
15
1
-2
0
-5
-17
-25
-19
-9
-7
-17
-27
-24
-12
-4
-5
-5
4
16
18
2
-24
-47
-55
-50
-39
-30
-27
-31
-40
-48
-51
-53
-55
-56
-49
-33
-20
-19
-29
-35
-33
-29
-31
-39
-45
-47
-47
-49
-54
-61
-66
-66
-66
-68
-68
-60
-51
-51
-62
-67
-57
-39
-31
-34
-37
-36
-42
-58
-75
-81
-74
-65
-62
-68
-76
-79
-73
-62
-51
-39
-28
-23
-34
-61
-85
-85
-57
-21
-4
-11
-27
-31
-28
-30
-42
-49
-42
-28
-23
-31
-46
-55
-50
-28
-3
6
-12
-43
-66
-68
-60
-51
-40
-25
-10
-8
-23
-44
-53
-47
-34
-23
-14
-7
-8
-25
-45
-46
-24
2
10
-2
-19
-32
-40
-43
-36
-20
-7
-8
-21
-33
-34
-19
2
15
6
-17
-30
-18
9
24
22
20
28
31
18
-3
-15
-11
-1
8
13
10
-1
-13
-19
-24
-32
-37
-31
-20
-19
-32
-48
-57
-56
-50
-46
-46
-50
-52
-47
-38
-31
-31
-37
-43
-43
-37
-27
-18
-11
-2
6
9
4
-5
-13
-20
-32
-45
-48
-37
-23
-22
-35
-49
-50
-41
-35
-32
-24
-5
14
19
12
7
11
15
11
4
5
10
6
-5
-9
3
20
25
24
30
44
51
47
48
72
103
117
108
100
112
138
155
155
143
137
144
162
182
196
200
196
189
184
185
183
165
117
46
-23
-63
-71
-63
-59
-59
-56
-47
-41
-43
-51
-56
-50
-35
-21
-18
-25
-32
-27
-12
1
11
28
56
79
74
41
7
-7
-5
-9
-27
-53
-70
-72
-62
-50
-48
-57
-64
-55
-33
-11
1
3
2
-3
-11
-20
-29
-42
-66
-98
-122
-123
-104
-80
-63
-61
-70
-85
-95
-92
-79
-71
-76
-87
-97
-109
-126
-138
-130
-108
-97
-109
-123
-120
-111
-115
-131
-137
-124
-105
-99
-109
-128
-145
-151
-146
-138
-134
-136
-142
-148
-147
-133
-112
-105
-120
-143
-149
-131
-108
-101
-113
-129
-131
-119
-109
-114
-127
-131
-117
-98
-86
-82
-83
-90
-99
-102
-98
-95
-97
-99
-93
-83
-77
-76
-75
-74
-79
-90
-101
-104
-97
-86
-76
-74
-84
-100
-114
-118
-111
-96
-79
-68
-72
-88
-105
-112
-107
-94
-81
-76
-80
-89
-94
-93
-93
-99
-107
-106
-94
-83
-84
-96
-108
-112
-112
-111
-107
-94
-78
-68
-69
-75
-76
-68
-58
-54
-58
-63
-63
-58
-56
-60
-65
-68
-66
-63
-61
-58
-59
-67
-79
-85
-83
-84
-92
-96
-86
-68
-60
-67
-74
-69
-59
-58
-64
-62
-46
-29
-26
-36
-46
-44
-31
-23
-32
-57
-74
-63
-29
1
5
-4
-6
2
8
6
3
9
23
40
52
49
28
1
-11
-2
12
11
-7
-24
-25
-15
-8
-9
-9
-5
0
4
5
8
12
13
7
-3
-8
-7
2
12
19
20
20
27
39
48
41
17
-4
0
27
54
58
38
12
-4
-2
13
26
26
9
-10
-16
-9
2
5
1
-6
-11
-14
-17
-21
-28
-38
-50
-62
-67
-62
-51
-46
-46
-42
-29
-15
-11
-15
-15
-10
-15
-34
-57
-66
-60
-53
-55
-59
-53
-36
-21
-19
-27
-33
-37
-44
-54
-59
-52
-38
-32
-34
-35
-25
-11
-7
-15
-24
-21
-11
-9
-19
-34
-44
-48
-45
-37
-24
-16
-19
-26
-28
-29
-38
-51
-52
-35
-21
-28
-46
-46
-25
-5
-9
-29
-41
-35
-19
-7
-4
-5
-9
-17
-29
-40
-44
-38
-22
-8
-3
-7
-9
-7
-7
-12
-17
-11
2
10
5
-5
-8
-4
-3
-5
-2
9
19
20
13
11
18
24
18
3
-11
-17
-19
-21
-22
-19
-18
-23
-31
-30
-19
-6
-4
-16
-32
-37
-28
-10
8
19
21
14
3
-5
-4
0
-1
-6
-7
3
15
22
22
21
15
4
-7
-8
2
9
8
3
0
-2
-10
-17
-11
2
5
-6
-15
-11
1
4
1
2
6
6
0
-3
4
12
9
-4
-17
-24
-29
-36
-41
-35
-16
2
3
-12
-25
-26
-19
-19
-29
-39
-39
-31
-22
-20
-24
-29
-31
-32
-36
-42
-44
-39
-30
-29
-37
-46
-44
-29
-16
-18
-33
-46
-42
-28
-25
-38
-56
-63
-59
-50
-43
-43
-51
-60
-62
-52
-41
-37
-39
-39
-35
-37
-51
-69
-78
-74
-63
-53
-49
-55
-71
-89
-97
-98
-101
-108
-110
-101
-90
-90
-98
-101
-93
-83
-79
-85
-96
-104
-100
-83
-65
-67
-88
-108
-105
-88
-79
-89
-103
-102
-87
-74
-74
-81
-83
-75
-66
-61
-62
-59
-52
-45
-49
-60
-68
-68
-64
-58
-49
-41
-45
-61
-75
-75
-63
-49
-40
-36
-38
-44
-46
-43
-42
-48
-55
-56
-53
-53
-51
-38
-22
-21
-37
-51
-46
-31
-27
-40
-53
-55
-48
-41
-33
-19
-3
4
1
-5
-8
-10
-11
-8
-3
-1
-4
-9
-9
-4
1
-2
-14
-28
-36
-34
-24
-11
0
3
0
-1
6
15
14
-1
-15
-16
-8
-6
-17
-32
-39
-34
-24
-17
-12
-6
4
13
15
12
10
14
21
31
44
54
55
44
28
14
5
4
11
18
12
-5
-11
7
34
46
42
41
49
56
50
41
46
66
81
75
53
37
39
46
42
27
18
25
36
36
25
17
21
31
34
26
17
21
36
47
40
23
16
26
40
44
38
30
26
22
19
20
20
16
9
7
14
25
33
36
37
40
48
56
53
32
5
-6
10
39
54
48
36
36
46
47
33
23
35
66
89
84
57
37
38
49
48
33
21
23
34
43
49
54
53
44
34
32
36
36
26
16
15
24
33
35
33
35
41
44
37
29
30
40
48
49
46
44
40
35
36
45
48
37
23
24
41
61
70
70
68
65
59
59
70
86
94
86
71
63
62
61
55
49
48
48
46
44
45
48
48
49
57
68
68
51
33
32
46
55
48
36
35
46
56
55
47
40
36
33
29
30
35
39
40
39
42
52
64
68
61
53
51
49
36
20
21
44
63
60
40
27
24
26
25
26
27
25
22
24
28
26
23
25
31
29
20
16
28
47
54
42
27
23
32
44
48
45
37
30
30
41
55
58
47
35
33
41
45
42
42
50
59
55
41
29
30
41
53
58
53
43
34
32
34
31
22
14
13
12
2
-10
-9
3
8
-5
-22
-33
-43
-61
-77
-79
-71
-70
-79
-93
-107
-122
-134
-138
-133
-132
-143
-165
-189
-206
-211
-211
-215
-229
-244
-253
-254
-255
-259
-259
-249
-235
-226
-219
-196
-146
-81
-26
2
11
20
36
45
36
18
14
31
49
45
19
0
7
29
38
19
-12
-38
-56
-75
-92
-97
-86
-71
-63
-57
-40
-7
26
44
46
43
38
29
20
16
19
17
5
-8
-10
-3
0
-9
-18
-8
24
57
75
74
68
65
64
58
47
40
43
54
66
72
73
74
78
86
102
119
132
135
131
127
123
111
92
74
69
79
93
102
103
100
97
99
108
118
114
93
73
76
102
126
132
124
120
124
128
125
122
123
122
109
90
84
97
117
125
117
104
98
99
102
101
98
98
110
131
153
168
169
159
142
129
125
124
119
111
111
119
123
118
115
120
125
120
111
114
130
148
153
137
107
85
90
113
125
112
90
86
96
99
87
77
81
92
96
90
85
84
83
75
67
66
73
81
85
82
72
58
46
45
60
82
100
103
89
66
46
41
52
65
69
60
51
50
55
61
67
73
73
64
51
40
37
40
47
56
61
57
45
34
35
50
67
76
68
48
31
31
47
65
72
65
54
46
40
33
30
37
55
73
79
75
68
64
59
53
51

Dispersion
0.008
0.014
0.013
0.004
-0.007
-0.012
-0.008
0
0.004
0.001
-0.003
-0.001
0.005
0.009
0.01
0.01
0.01
0.008
0.002
-0.01
-0.023
-0.03
-0.028
-0.019
-0.008
-0.001
-0.002
-0.006
-0.007
-0.003
0.005
0.01
0.012
0.01
0.002
-0.007
-0.01
-0.002
0.009
0.013
0.007
-0.001
0.001
0.016
0.037
0.046
0.03
-0.009
-0.055
-0.089
-0.101
-0.096
-0.086
-0.079
-0.081
-0.098
-0.126
-0.152
-0.156
-0.133
-0.096
-0.073
-0.076
-0.099
-0.121
-0.13
-0.119
-0.079
-0.009
0.077
0.162
0.25
0.366
0.509
0.616
0.611
0.486
0.312
0.17
0.079
0.016
-0.032
-0.06
-0.067
-0.067
-0.077
-0.094
-0.104
-0.102
-0.094
-0.09
-0.088
-0.083
-0.078
-0.08
-0.092
-0.106
-0.112
-0.104
-0.084
-0.053
-0.014
0.022
0.044
0.045
0.028
0.003
-0.016
-0.025
-0.027
-0.026
-0.022
-0.014
-0.003
0.003
0.003
0.002
0.004
0.009
0.013
0.015
0.012
0.006
-0.006
-0.025
-0.049
-0.068
-0.069
-0.051
-0.023
0.001
0.016
0.024
0.031
0.035
0.033
0.022
0.007
-0.006
-0.012
-0.014
-0.021
-0.036
-0.053
-0.059
-0.046
-0.02
0.008
0.029
0.041
0.044